mnist_fgsm_0_acc:0.9842, False, geodesic, 100, 1000, (17527.253961658476, 723.8790633722782), (893.5168096065521, 68.96542246840507), (6.872859134354377, 0.002023602438554597), (6.531847221739932, 0.002023602438554597), (11.15198570509738, 0.3942334318691801)
mnist_fgsm_0.05_acc:0.9114, False, geodesic, 100, 1000, (17202.18297381401, 678.9554001879474), (852.3399214267731, 56.63813387960355), (6.875451724011971, 0.0018842936517089262), (6.545325285048929, 0.0018842936517089262), (11.752246784983322, 0.27170713080785913)
mnist_fgsm_0.1_acc:0.7447, False, geodesic, 100, 1000, (17314.678573513032, 631.9235337134169), (793.4747451782226, 43.604243099610436), (6.88040293969622, 0.0016026688716660042), (6.547051541343405, 0.0016026688716660042), (12.57306357283747, 0.38315889103573875)
mnist_fgsm_0.15_acc:0.4904, False, geodesic, 100, 1000, (17820.432692193986, 591.7738756496452), (732.2116886138916, 32.697581184048325), (6.885474172853878, 0.0012605358597607913), (6.554779571303534, 0.0012605358597607913), (13.754623798079137, 0.5882585512744516)
mnist_fgsm_0.2_acc:0.3137, False, geodesic, 100, 1000, (18656.26747646332, 562.9228590313269), (670.364681148529, 32.077418500069435), (6.889957900397301, 0.0009743485165151712), (6.557931048545984, 0.0009743485165151712), (15.038473893439553, 0.36143904107500324)
mnist_fgsm_0.25_acc:0.2484, False, geodesic, 100, 1000, (19657.66532869339, 531.7802379207476), (606.2521747589111, 30.41534171772366), (6.893463507503232, 0.0007964457084411932), (6.564222356084137, 0.0007964457084411932), (16.03035188897895, 0.41156277977506994)
mnist_fgsm_0.3_acc:0.2325, False, geodesic, 100, 1000, (20953.603891849518, 506.38488658122407), (554.2025115966796, 26.719187706111175), (6.896375589703682, 0.0006589464516597238), (6.559157359897864, 0.0006589464516597238), (18.055314022080154, 0.623024932514151)
