mnist_random_0_Init_acc:0, False, geodesic, 100, 1000, (17527.293365097044; 723.8934978757007), (893.489766073227; 68.94746465462588), (6.872858916948457; 0.002023516533745935), (6.531818515548703; 0.12254229509824799), (11.082326164535889; 0.38603439500298836)
mnist_random_0.05_Eps1_acc:0, False, geodesic, 100, 1000, (17400.146396398544; 696.5928737904798), (870.71327958107; 65.49894781000516), (6.874566667144764; 0.0019157342014502268), (6.533902969722988; 0.12072405773884057), (11.267099142375988; 0.2980272074533389)
mnist_random_0.05_Eps2_acc:0, False, geodesic, 100, 1000, (17461.39509253502; 682.1287852869574), (858.4333735466004; 64.74944918282007), (6.876215669675105; 0.0017947308861175116), (6.534299959842352; 0.11987762007737436), (11.48196275088222; 0.2922763760254555)
mnist_random_0.1_Eps1_acc:0, False, geodesic, 100, 1000, (17540.89045133591; 660.1394409071969), (835.5161437988281; 62.44590563489685), (6.87886700328073; 0.0015561006595538399), (6.535864621809385; 0.12153847555289791), (11.976109072271534; 0.3327532038711625)
mnist_random_0.1_Eps2_acc:0, False, geodesic, 100, 1000, (17956.88218860626; 625.0601325984776), (804.7918858528137; 60.05773170779231), (6.883647784652399; 0.0012197540890341659), (6.533620460127175; 0.13271057281184798), (12.895616016389587; 0.378566804916686)
mnist_random_0.15_Eps1_acc:0, False, geodesic, 100, 1000, (17939.807295179366; 617.2778036754679), (796.0424116134643; 65.13465067842422), (6.884228149364236; 0.0012810820537625305), (6.536547299886625; 0.11990145745926685), (13.028176677369089; 0.4902937139795859)
mnist_random_0.15_Eps2_acc:0, False, geodesic, 100, 1000, (18953.48135719299; 550.6539611639416), (735.9701457023621; 56.15055538084064), (6.891103855174043; 0.000954401055531792), (6.541198399608952; 0.11180653072551039), (15.623134277148518; 0.5624559299037897)
mnist_random_0.2_Eps1_acc:0, False, geodesic, 100, 1000, (18582.59575481415; 569.4446072749613), (756.5421126365661; 56.21941101169375), (6.889578452998731; 0.0009868651243395057), (6.544156650530406; 0.13064401646966553), (14.549398608390536; 0.2636383467074685)
mnist_random_0.2_Eps2_acc:0, False, geodesic, 100, 1000, (20348.88188648224; 477.7703889601526), (680.4015523910523; 49.11600617359222), (6.896976551948198; 0.0006635484771270166), (6.555229826054065; 0.12493758757613554), (18.814048214822922; 0.5881941886950923)
mnist_random_0.25_Eps1_acc:0, False, geodesic, 100, 1000, (19427.000817108154; 513.3548659141894), (705.8522393226624; 57.02708471092923), (6.8942078443128; 0.0007973365412930757), (6.546617838512324; 0.1273317621991005), (16.59320371362279; 0.6284278038249925)
mnist_random_0.25_Eps2_acc:0, False, geodesic, 100, 1000, (22050.21856431961; 402.71447243558646), (611.9705787658692; 49.695321018125696), (6.900935580037024; 0.0005092969364236641), (6.577247272031781; 0.12589242882823157), (23.629860200448256; 0.8486595551271138)
mnist_random_0.3_Eps1_acc:0, False, geodesic, 100, 1000, (20449.214355373384; 449.8988303157557), (662.6714702606201; 50.72115113265116), (6.897767619322631; 0.0006136174452281018), (6.578502826967013; 0.11399189111660595), (19.916625015530293; 0.5331534546671463)
mnist_random_0.3_Eps2_acc:0, False, geodesic, 100, 1000, (23983.954186820985; 317.3668729575439), (570.4543529510498; 42.70021694305495), (6.90341199887942; 0.00034383326818550504), (6.6473794564315325; 0.09435676573690621), (29.157280458918375; 0.5873978690035301)
