mnist_fgsm_0_AlexNetRobust_acc:0.9821, False, geodesic, 100, 1000, (17527.293365097044; 723.8934978757007), (893.489766073227; 68.94746465462588), (6.872858916948457; 0.002023516533745935), (6.531818515548703; 0.12254229509824799), (11.007421637866605; 0.4987934259439947)
mnist_fgsm_0.05_AlexNetRobust_acc:0.963, False, geodesic, 100, 1000, (17027.075616168975; 664.525815361546), (831.7404419422149; 58.581875298786905), (6.876429525508658; 0.001776625488876602), (6.541190192845965; 0.11709445108873805), (11.784245293054504; 0.3921904619691872)
mnist_fgsm_0.1_AlexNetRobust_acc:0.9246, False, geodesic, 100, 1000, (16975.888312005998; 610.2455228712561), (752.669002532959; 42.68031364322905), (6.882494190296768; 0.0013743632896388632), (6.547966165914838; 0.09539076996915767), (13.026576674986057; 0.42160525615649674)
mnist_fgsm_0.15_AlexNetRobust_acc:0.8684, False, geodesic, 100, 1000, (17397.90399336815; 570.1441034638294), (666.8577093124389; 29.50153476595237), (6.888771376769789; 0.0010176687492888), (6.558154746954225; 0.07648362286341126), (15.15524589627675; 0.5194874081650893)
mnist_fgsm_0.2_AlexNetRobust_acc:0.7815, False, geodesic, 100, 1000, (18256.563664340974; 547.535985995417), (583.939147567749; 21.04859452707899), (6.893869659928089; 0.0007820721571262501), (6.568527385589898; 0.06768076089486753), (17.56916271490078; 0.6588914059287456)
mnist_fgsm_0.25_AlexNetRobust_acc:0.5707, False, geodesic, 100, 1000, (19337.690250873566; 529.1680322724919), (516.4905394554138; 20.063069923367813), (6.897375448007668; 0.0006521485488747346), (6.578141636374769; 0.07225864385341785), (20.26358171147976; 0.5999048764377192)
mnist_fgsm_0.3_AlexNetRobust_acc:0.2649, False, geodesic, 100, 1000, (20786.692791748046; 522.1351570647917), (469.2269590377808; 18.57595115958911), (6.899932163372045; 0.0005528233401540921), (6.609097744305082; 0.060583675602003825), (23.601309514822983; 0.9678589641098103)
