mnist_fgsm_0_AlexNet_acc:0.9842, False, geodesic, 100, 1000, (17527.253961658476; 723.8790633722782), (893.5168096065521; 68.96542246840507), (6.872859134354377; 0.002023602438554597), (6.531847221739932; 0.002023602438554597), (11.15198570509738; 0.3942334318691801)
mnist_fgsm_0.05_AlexNet_acc:0.9114, False, geodesic, 100, 1000, (17202.18297381401; 678.9554001879474), (852.3399214267731; 56.63813387960355), (6.875451724011971; 0.0018842936517089262), (6.545325285048929; 0.0018842936517089262), (11.752246784983322; 0.27170713080785913)
mnist_fgsm_0.1_AlexNet_acc:0.7447, False, geodesic, 100, 1000, (17314.678573513032; 631.9235337134169), (793.4747451782226; 43.604243099610436), (6.88040293969622; 0.0016026688716660042), (6.547051541343405; 0.0016026688716660042), (12.57306357283747; 0.38315889103573875)
mnist_fgsm_0.15_AlexNet_acc:0.4904, False, geodesic, 100, 1000, (17820.432692193986; 591.7738756496452), (732.2116886138916; 32.697581184048325), (6.885474172853878; 0.0012605358597607913), (6.554779571303534; 0.0012605358597607913), (13.754623798079137; 0.5882585512744516)
mnist_fgsm_0.2_AlexNet_acc:0.3137, False, geodesic, 100, 1000, (18656.26747646332; 562.9228590313269), (670.364681148529; 32.077418500069435), (6.889957900397301; 0.0009743485165151712), (6.557931048545984; 0.0009743485165151712), (15.038473893439553; 0.36143904107500324)
mnist_fgsm_0.25_AlexNet_acc:0.2484, False, geodesic, 100, 1000, (19657.66532869339; 531.7802379207476), (606.2521747589111; 30.41534171772366), (6.893463507503232; 0.0007964457084411932), (6.564222356084137; 0.0007964457084411932), (16.03035188897895; 0.41156277977506994)
mnist_fgsm_0.3_AlexNet_acc:0.2325, False, geodesic, 100, 1000, (20953.603891849518; 506.38488658122407), (554.2025115966796; 26.719187706111175), (6.896375589703682; 0.0006589464516597238), (6.559157359897864; 0.0006589464516597238), (18.055314022080154; 0.623024932514151)
mnist_pgd_0_AlexNet_acc:0.9842, False, geodesic, 100, 1000, (17527.253961658476; 723.8790633722782), (893.5168096065521; 68.96542246840507), (6.872859134354377; 0.002023602438554597), (6.531847221739932; 0.002023602438554597), (11.063708754514419; 0.38369590665096104)
mnist_pgd_0.05_AlexNet_acc:0.888, False, geodesic, 100, 1000, (17208.342519330978; 676.6869114141003), (854.1590128421783; 56.20914013510193), (6.8754810983413055; 0.0018344218955106614), (6.5404926856566785; 0.0018344218955106614), (11.44870616561855; 0.44692838394384765)
mnist_pgd_0.1_AlexNet_acc:0.6217, False, geodesic, 100, 1000, (17335.516757011414; 630.2223158541562), (797.7798687934876; 46.415103265515185), (6.88065937136326; 0.0014891561162875214), (6.539985528468414; 0.0014891561162875214), (12.544895065048978; 0.47348399986880496)
mnist_pgd_0.15_AlexNet_acc:0.3165, False, geodesic, 100, 1000, (17846.386039113997; 592.7614864679075), (739.5256413459778; 38.907935906068076), (6.885699483094361; 0.0012152168759927927), (6.5449457908382245; 0.0012152168759927927), (13.901323894400312; 0.6544283444797623)
mnist_pgd_0.2_AlexNet_acc:0.223, False, geodesic, 100, 1000, (18608.292557144166; 575.6298170019011), (699.2303974151612; 38.31875967918368), (6.889518887009553; 0.0010793667732954737), (6.565278219726743; 0.0010793667732954737), (15.069034836013987; 0.4692890646035546)
mnist_pgd_0.25_AlexNet_acc:0.2153, False, geodesic, 100, 1000, (19375.967040491105; 557.4873534004181), (669.7089455604553; 37.756358774882194), (6.891931412131081; 0.0010647198133589438), (6.575028262299068; 0.0010647198133589438), (16.133375589349; 0.6409995683822783)
mnist_pgd_0.3_AlexNet_acc:0.2145, False, geodesic, 100, 1000, (20133.4604739666; 541.7951829011329), (648.9050407409668; 41.66831895136139), (6.893554389312293; 0.0010387940151450972), (6.589435813605729; 0.0010387940151450972), (17.167726718291455; 0.5376273884821189)
